000011000111000111000111000111000111000111000111000110000
000011000121000121000121000121000121000121000121000110000
000011000121000121000121000121000121000121000121000110000
000012111232111232111232111232111232111232111232111210000
111123222343222343222343222343222343222343222343222321111
111234333334333433333334333433333334333433333334333432111
000123432223222322232223222322232223222322232223444321000
000123321112111211121112111211121112111211121112344321000
000123210001000100010001000100010001000100010001234321000
111233210001000100010001000100010001000100010001234432111
122344321112111211121112111211121112111211121112345543221
111233210001000100010001000100010001000100010001234432111
000123210001000100010001000100010001000100010001234321000
000123321112111211121112111211121112111211121112344321000
000123210001000100010001000100010001000100010001234321000
111233210001000100010001000100010001000100010001234432111
122344321112111211121112111211121112111211121112345543221
111233210001000100010001000100010001000100010001234432111
000123210001000100010001000100010001000100010001234321000
000123321112111211121112111211121112111211121112344321000
000123210001000100010001000100010001000100010001234321000
111233210001000100010001000100010001000100010001234432111
122344321112111211121112111211121112111211121112345543221
111233210001000100010001000100010001000100010001234432111
000123210001000100010001000100010001000100010001234321000
000123321112111211121112111211121112111211121112344321000
000123432223222322232223222322232223222322232223444321000
111234333334333433333334333433333334333433333334333432111
111123222343222343222343222343222343222343222343222321111
000012111232111232111232111232111232111232111232111210000
000011000121000121000121000121000121000121000121000110000
000011000121000121000121000121000121000121000121000110000
000011000111000111000111000111000111000111000111000110000
